157
2 25 474
2 490 170
2 0 114
2 425 337
2 334 216
2 26 313
2 63 196
2 29 420
2 98 197
2 143 298
2 413 297
2 403 282
2 429 17
2 392 333
2 255 238
2 427 426
2 325 368
2 370 369
2 310 445
2 329 258
2 273 299
2 276 421
2 407 47
2 12 118
2 73 245
2 177 356
2 1 372
2 439 345
2 24 152
2 423 303
2 326 274
2 222 33
2 441 411
2 103 308
2 217 443
2 437 495
2 352 8
2 27 102
2 466 157
2 463 188
2 476 34
2 451 294
2 434 331
2 344 252
2 315 341
2 367 327
2 424 400
2 246 85
2 387 454
2 482 304
2 256 257
2 91 207
2 28 250
2 160 200
2 108 266
2 311 136
3 163 41 373
3 260 3 249
3 322 468 265
3 475 374 268
3 156 418 42
3 316 415 409
3 292 318 264
3 101 164 49
3 93 442 62
3 487 138 90
3 132 214 335
3 220 461 144
3 119 432 243
3 359 412 498
3 140 383 449
3 457 363 484
3 309 79 158
3 18 204 113
3 21 124 70
3 444 187 81
3 293 240 492
3 126 267 190
3 171 483 379
3 141 147 375
3 57 206 35
3 393 52 295
3 300 489 450
3 491 486 48
3 280 215 279
3 205 261 346
3 385 391 193
3 353 360 386
3 14 436 259
3 137 69 306
3 182 198 195
3 11 208 122
3 66 142 189
3 459 209 305
3 377 32 231
3 472 232 45
3 72 278 131
3 467 133 330
3 149 319 130
3 110 99 166
3 349 199 458
3 478 339 129
3 203 2 172
3 453 13 488
3 402 277 71
4 10 406 312 394
4 15 109 39 447
4 78 342 357 396
4 227 480 97 153
4 494 150 376 452
4 224 192 159 347
4 404 247 123 201
4 248 336 405 291
4 104 328 169 235
4 154 191 211 223
4 165 112 194 116
4 58 105 218 162
4 366 176 88 317
4 296 351 358 16
4 399 38 54 20
4 139 236 134 161
4 229 46 117 378
4 173 302 397 473
4 263 180 290 388
4 270 175 212 77
4 234 448 30 40
4 438 481 251 80
4 497 269 350 19
4 56 262 253 419
4 202 499 401 185
4 96 219 485 174
4 184 324 254 237
4 314 398 433 283
4 471 455 43 186
4 284 86 244 37
4 9 301 31 115
4 22 225 384 210
4 320 5 228 146
4 285 361 87 120
4 456 440 348 410
4 213 60 430 343
4 462 496 155 111
4 128 479 408 75
4 74 395 287 321
4 94 7 417 61
4 477 53 64 364
4 127 76 95 183
4 288 148 67 307
4 6 338 50 431
4 289 181 340 332
4 281 371 460 83
4 239 89 221 106
4 271 4 107 36
4 414 168 55 233
4 390 355 23 226
4 272 469 465 286
4 242 230 362 82
