160
4 441 423 420 369 
4 333 286 252 197 
4 196 190 97 93 
4 35 28 47 12 
4 165 33 300 326 
4 482 1 14 21 
4 256 279 306 299 
4 315 322 330 421 
4 454 7 17 86 
4 154 189 212 334 
4 352 414 358 492 
4 11 64 72 73 
4 120 141 156 158 
4 170 182 213 266 
4 301 319 337 410 
4 443 462 484 495 
4 0 38 48 52 
4 108 111 113 155 
4 166 210 221 234 
4 261 264 298 310 
4 329 451 350 371 
4 376 434 448 452 
4 463 475 486 5 
4 498 15 320 19 
4 20 60 34 61 
4 147 175 181 187 
4 193 199 249 208 
4 219 231 236 240 
4 258 271 273 277 
4 288 292 311 324 
4 356 360 367 385 
4 387 396 405 409 
4 419 430 433 439 
4 445 455 473 499 
4 3 6 364 276 
4 163 8 10 13 
4 18 400 65 23 
4 24 449 31 55 
4 71 89 90 467 
4 283 91 278 99 
4 105 394 117 121 
4 123 139 444 442 
4 149 159 375 162 
4 429 412 177 180 
4 403 188 388 230 
4 192 447 427 384 
4 201 203 214 218 
4 225 235 242 263 
4 336 268 397 294 
4 302 392 328 345 
4 348 351 353 362 
4 438 431 391 399 
4 407 459 422 424 
4 437 472 474 497 
4 16 22 116 25 
4 446 425 254 26 
4 401 251 59 27 
4 244 29 185 32 
4 411 217 186 54 
4 36 453 373 76 
3 40 115 79 
3 41 460 285 
3 280 78 44 
3 461 361 50 
3 45 347 104 
3 46 289 259 
3 69 56 269 
3 129 66 379 
3 233 151 70 
3 282 274 80 
3 247 204 81 
3 332 92 307 
3 95 325 132 
3 119 100 432 
3 101 339 237 
3 106 109 107 
3 112 148 114 
3 164 124 245 
3 138 128 136 
3 378 226 144 
3 174 152 363 
3 153 160 172 
3 372 341 195 
3 395 198 284 
3 207 200 494 
3 450 267 295 
3 304 390 377 
3 365 359 468 
3 490 488 370 
3 357 287 255 
3 246 205 194 
3 191 171 150 
3 96 84 83 
3 68 63 51 
3 2 476 469 
3 428 418 383 
3 355 340 316 
3 313 281 275 
3 270 232 228 
3 183 161 135 
3 131 130 118 
3 77 4 489 
3 483 456 435 
3 406 366 248 
3 227 223 222 
3 127 122 82 
3 75 58 53 
3 43 42 9 
3 466 440 413 
3 398 349 321 
3 290 243 239 
3 220 216 179 
3 145 133 49 
3 30 471 416 
3 389 354 346 
3 344 338 318 
3 317 303 293 
3 253 184 178 
3 168 143 87 
3 57 37 496 
2 470 465 
2 374 343 
2 335 323 
2 314 262 
2 257 238 
2 169 126 
2 85 39 
2 491 487 
2 478 404 
2 393 386 
2 308 296 
2 291 211 
2 209 206 
2 137 125 
2 98 88 
2 67 62 
2 493 481 
2 477 458 
2 426 382 
2 381 342 
2 312 309 
2 305 297 
2 265 241 
2 202 173 
2 142 74 
2 480 479 
2 464 436 
2 402 380 
2 327 272 
2 250 229 
2 224 146 
2 110 103 
2 94 485 
2 457 417 
2 415 408 
2 368 331 
2 260 215 
2 176 167 
2 157 140 
2 134 102 
