1628
2 7058 9164
2 5966 4553
2 5523 7075
2 9031 5951
2 8361 8231
2 3807 8160
2 9457 2025
2 6803 1935
2 8806 7179
2 6596 465
2 3467 8156
2 1313 9892
2 7481 1035
2 9008 3074
2 3796 1139
2 1622 6592
2 9829 2858
2 9024 4709
2 7783 1944
2 8034 2372
2 7574 8709
2 4742 8289
2 917 8000
2 1180 6604
2 4103 9415
2 3754 3077
2 2808 2947
2 8638 9754
2 7228 2942
2 424 6675
2 4564 7479
2 8535 4172
2 3928 173
2 7637 6185
2 6923 5073
2 1302 733
2 3425 8725
2 5424 865
2 6253 2086
2 1753 8938
2 8757 3860
2 2591 5643
2 5210 3935
2 7143 7484
2 633 81
2 2900 5148
2 3286 5379
2 6554 6434
2 302 600
2 30 1867
2 2831 8179
2 1424 1093
2 3502 312
2 8970 7467
2 7275 6620
2 8323 5010
2 2731 5108
2 9678 7410
2 5694 8203
2 789 5409
2 7986 9901
2 4768 1184
2 8836 9301
2 9372 378
2 2693 6401
2 2799 4030
2 6403 5088
2 2577 872
2 4508 5265
2 4034 583
2 6953 3431
2 7165 4245
2 4914 3123
2 2110 3696
2 3383 3621
2 5774 4163
2 7786 9611
2 4394 7086
2 7087 5066
2 2948 9478
2 9854 6257
2 833 5187
2 7394 9146
2 8805 2378
2 2550 9491
2 3385 1006
2 4668 955
2 5611 2866
2 1652 6636
2 1762 3178
2 9638 6643
2 8960 3322
2 1435 3884
2 5026 8439
2 5167 5779
2 9848 2668
2 6581 1984
2 7222 7048
2 7606 2747
2 8791 7007
2 417 7162
2 1496 928
2 2363 880
2 4948 388
2 6288 9157
2 7217 9423
2 1614 9905
2 4843 1835
2 9150 2405
2 9175 5141
2 5757 7590
2 7061 4330
2 3411 2883
2 537 7017
2 6278 9764
2 6799 183
2 7281 6106
2 7689 3281
2 12 698
2 4 3115
2 7474 2344
2 8961 4088
2 4501 3712
2 225 2020
2 3466 7022
2 8165 3267
2 1439 6963
2 2012 6510
2 4398 146
2 7138 1665
2 610 9003
2 6743 4311
2 3097 5862
2 2128 6982
2 8461 6899
2 2453 9745
2 2531 123
2 9521 3416
2 4306 7171
2 6741 8712
2 921 4136
2 3888 1683
2 1574 3476
2 7183 9193
2 7980 1188
2 4732 8500
2 9129 8911
2 1985 4095
2 5612 3419
2 9186 7975
2 6407 7132
2 3275 2834
2 1087 7492
2 6529 630
2 5021 4507
2 4529 1099
2 1127 1579
2 4479 1166
2 8952 868
2 4006 6136
2 8567 5786
2 3396 6627
2 3469 2825
2 2683 8498
2 4728 1176
2 827 1437
2 507 7416
2 9617 7292
2 4063 8009
2 4032 6491
2 658 4978
2 6654 3521
2 9670 3251
2 6291 9156
2 9411 3580
2 5993 7555
2 3727 641
2 6972 7309
2 7844 2689
2 2996 452
2 8564 8975
2 8780 4426
2 1979 9159
2 7820 9474
2 1775 7682
2 6039 903
2 2993 9342
2 6590 7127
2 5024 2320
2 568 6848
2 2385 4602
2 7096 4403
2 8635 5215
2 7799 4594
2 8951 9787
2 8441 4300
2 2030 4523
2 6776 2201
2 8273 3695
2 987 6647
2 4333 5549
2 2532 3108
2 6967 4025
2 4641 4273
2 2597 5790
2 2279 8472
2 6162 3577
2 1527 8703
2 2168 114
2 3205 9972
2 1824 4060
2 4634 3453
2 3929 194
2 3506 7963
2 621 9865
2 5557 4981
2 5045 163
2 1130 7949
2 5304 5814
2 5254 3280
2 6134 2313
2 9535 170
2 9876 5957
2 5505 5470
2 1134 7423
2 6448 7233
2 315 169
2 395 6119
2 1462 1664
2 3948 3391
2 5049 4164
2 7276 8103
2 4630 5489
2 6635 1959
2 5599 4842
2 8534 1986
2 1793 7797
2 9560 997
2 566 8374
2 3217 6805
2 8012 4693
2 531 6007
2 7581 1170
2 5578 279
2 468 8890
2 811 6853
2 5848 6772
2 1148 4272
2 3523 6308
2 407 1157
2 4676 9834
2 8797 5327
2 5125 6811
2 7186 5082
2 3503 7018
2 6197 2821
2 3847 8540
2 2066 821
2 6301 5851
2 5825 6353
2 5247 8812
2 8742 7431
2 4797 582
2 8084 8237
2 3873 2175
2 234 5313
2 651 2054
2 3006 1809
2 9833 7913
2 7523 1119
2 7123 7730
2 6835 8903
2 6971 5286
2 6416 9736
2 207 7608
2 8972 8793
2 697 6535
2 5833 9999
2 2011 7163
2 5454 3220
2 8530 1624
2 7584 863
2 5122 8347
2 1667 3355
2 304 9680
2 2633 757
2 4149 8019
2 4535 8572
2 3338 603
2 7457 4556
2 4184 8549
2 2691 3268
2 5100 682
2 4966 4428
2 2508 5828
2 5481 7110
2 2318 3099
2 9590 7097
2 5038 7266
2 7556 9245
2 4562 6774
2 5812 9367
2 1878 8429
2 1610 7014
2 9881 7653
2 4573 8930
2 9601 8155
2 2280 4976
2 2676 2101
2 3602 2916
2 3361 8542
2 9470 6371
2 1557 4260
2 5361 8592
2 6500 1074
2 2179 7527
2 2376 9394
2 759 6334
2 5840 9011
2 9041 5305
2 5168 4441
2 9772 5437
2 1469 2835
2 9832 7066
2 1646 3698
2 7334 4048
2 9327 2452
2 5280 3782
2 3414 5596
2 2235 5329
2 6692 9836
2 3949 6539
2 4258 5279
2 1191 192
2 3504 5234
2 6085 3327
2 3008 6744
2 6709 9239
2 6693 2884
2 4793 4040
2 6973 9380
2 3201 5299
2 2878 8220
2 6917 159
2 4323 9710
2 127 4269
2 8227 866
2 3095 342
2 764 9712
2 2415 6209
2 1964 2083
2 7585 7919
2 4489 3515
2 7139 3266
2 3213 383
2 1563 8552
2 2316 7307
2 686 7005
2 1350 959
2 6748 1928
2 70 1485
2 2205 8310
2 9264 148
2 881 886
2 8624 6493
2 5323 5293
2 8595 1480
2 3645 1167
2 1958 6284
2 3340 7187
2 8555 3085
2 311 660
2 7093 9623
2 2382 9089
2 8877 2662
2 2206 3756
2 5754 4027
2 7789 781
2 3744 9626
2 1190 1838
2 6517 108
2 591 7258
2 1497 3080
2 4609 9591
2 5792 2552
2 6814 5158
2 2549 2946
2 1133 746
2 4384 5429
2 8562 7024
2 9625 326
2 8491 6174
2 7602 3584
2 7243 3477
2 5892 1283
2 2928 541
2 8776 9321
2 1695 6485
2 2216 300
2 6125 6674
2 4356 89
2 7868 6524
2 4653 9807
2 4047 9329
2 7190 3169
2 6293 2192
2 69 379
2 1611 5274
2 9438 4813
2 1917 784
2 4263 130
2 1183 6901
2 4935 3154
2 904 6968
2 7835 1058
2 3707 3413
2 5064 4283
2 2782 2706
2 121 5192
2 7667 2470
2 13 8038
2 4911 2035
2 8645 8098
2 8211 3343
2 4525 3386
2 7544 3854
2 4769 8897
2 9636 1306
2 2131 9436
2 9934 5527
2 8665 8511
2 1045 8395
2 6924 8398
2 1444 7030
2 4879 4196
2 9651 3141
2 3863 6718
2 7098 5260
2 2850 6939
2 275 3058
2 491 2522
2 3202 1663
2 1731 9819
2 9204 2149
2 5747 5225
2 1939 8388
2 6189 9161
2 7948 1171
2 803 2330
2 478 5658
2 4519 1436
2 7938 8870
2 823 2510
2 9571 7864
2 2087 8097
2 4982 9721
2 8984 5272
2 3809 8268
2 2918 9229
2 2569 8230
2 6341 3025
2 1046 4651
2 4701 9007
2 3819 5229
2 3635 7697
2 6242 8282
2 4621 1638
2 6283 1728
2 7223 9187
2 3803 1216
2 922 7099
2 9816 4973
2 8556 9152
2 911 1942
2 3350 3862
2 5356 6285
2 6719 5183
2 862 6154
2 620 885
2 9646 2447
2 6158 2551
2 8136 2265
2 6520 1806
2 2466 9863
2 3611 8129
2 6664 6752
2 2911 5766
2 8196 1135
2 668 6937
2 8686 9669
2 4633 6409
2 4754 2567
2 6108 54
2 7248 8628
2 690 269
2 9536 1628
2 9100 5177
2 7047 6000
2 2770 6187
2 4487 871
2 1066 5888
2 4880 9217
2 5268 4262
2 7507 2483
3 2669 5531 7094
3 376 1296 2356
3 7903 209 7713
3 2167 7994 4279
3 3258 1598 2582
3 576 5606 2604
3 5161 3144 1411
3 2307 3131 1401
3 4339 9426 9656
3 4932 8311 3878
3 3541 3911 4392
3 9194 1593 2746
3 5246 8085 9260
3 2268 1635 4734
3 4532 2629 8212
3 5981 3639 3539
3 61 4305 9767
3 1843 2852 7151
3 7959 3887 6990
3 7712 6993 288
3 9198 5872 7536
3 5617 5906 7459
3 6202 9655 2386
3 671 7142 9548
3 5574 6834 1724
3 3839 4578 3527
3 2024 769 4435
3 899 2983 2977
3 6792 1902 2324
3 4923 7167 5730
3 4627 6326 6320
3 3482 7037 8584
3 645 4126 2428
3 3991 5970 3055
3 5972 3038 251
3 6904 7969 316
3 9632 2065 1399
3 6049 1582 3823
3 6957 631 1976
3 6699 9534 9296
3 3947 7925 1131
3 4488 5724 7264
3 4537 8716 4679
3 3078 7197 3743
3 550 34 8801
3 2300 7074 9232
3 6506 7655 1331
3 3997 5518 3274
3 7600 2486 2711
3 1471 4093 2499
3 4451 8299 3994
3 3316 7356 2388
3 3147 8075 6454
3 9891 4943 9002
3 178 7826 9238
3 7091 3657 9313
3 240 7177 5813
3 3196 8035 5719
3 1654 1516 4616
3 6519 972 1615
3 2050 893 4724
3 9774 9749 2105
3 6177 6737 7491
3 6430 7393 3619
3 5451 6649 5397
3 8419 1788 2934
3 4950 41 6098
3 5727 4046 3787
3 4986 7221 8006
3 545 1971 2136
3 268 845 1201
3 6887 4267 2144
3 8401 7059 9877
3 143 6704 1841
3 3225 4810 9200
3 6096 3972 5536
3 3969 9569 5919
3 640 2887 4447
3 8863 1461 3439
3 4910 1514 7488
3 6762 8658 5609
3 7743 1029 394
3 185 1873 1833
3 5460 1941 180
3 7367 4791 613
3 5040 8734 8965
3 558 6237 3156
3 3798 8675 2019
3 1061 3924 8239
3 1063 2974 1308
3 5594 8229 7731
3 3002 5865 5777
3 7068 2026 4224
3 1708 7631 8617
3 771 93 9399
3 1416 8382 1179
3 7550 4092 6225
3 2785 1165 23
3 3673 7231 6483
3 7626 1777 118
3 1783 1084 4893
3 2384 2586 4255
3 9846 8968 9234
3 8597 1725 1332
3 2281 7426 7441
3 9719 8593 1849
3 1266 1086 4598
3 1020 9557 7434
3 3050 5593 4685
3 3485 8637 3760
3 2754 4774 258
3 8977 9073 5442
3 2750 602 2805
3 8894 7554 1376
3 735 2538 4798
3 1322 7549 1101
3 3761 7964 6828
3 1586 4285 1618
3 3402 8679 3694
3 5189 6586 3247
3 4818 189 1705
3 1100 6998 6210
3 359 7914 7152
3 9578 6903 4325
3 3199 6701 1744
3 8276 2488 3641
3 5535 8080 217
3 2006 656 615
3 5875 6410 3136
3 5476 8537 1044
3 8379 314 5641
3 3615 5013 4939
3 8180 1329 8298
3 5151 5683 5994
3 2509 2106 4206
3 2161 9582 5060
3 8233 7850 7558
3 6612 5912 9126
3 5897 6964 4412
3 9959 82 8834
3 5721 115 1106
3 6831 2950 1452
3 439 8845 343
3 1639 6411 9332
3 9333 68 4094
3 4859 3553 1299
3 6850 4577 4001
3 1105 5398 6844
3 2500 5496 4746
3 7752 9573 2590
3 8114 4664 6031
3 4328 3610 4691
3 6255 9487 5583
3 6361 1519 6959
3 2512 4232 256
3 1073 1509 7145
3 7984 2891 7634
3 4832 8655 7424
3 3903 1533 252
3 8648 1292 459
3 4514 2417 6576
3 9971 5166 8387
3 6198 687 6336
3 9726 6740 8900
3 1330 8093 1876
3 9068 7624 2595
3 5817 7329 7899
3 649 1723 78
3 5769 1277 1696
3 4949 3757 8516
3 4877 1616 3956
3 8272 9770 8541
3 3783 3012 6457
3 5474 9075 8305
3 4841 7319 5879
3 2939 2535 5048
3 3031 6161 9993
3 9930 3311 4867
3 9540 1517 4483
3 2304 7744 4290
3 9243 6077 3060
3 9879 1495 3312
3 9667 39 6028
3 4554 9223 3173
3 4337 9241 3587
3 5043 5146 4365
3 1952 1751 1502
3 7669 2390 4340
3 8464 4124 8425
3 9307 9917 5096
3 8994 1656 8258
3 3020 8049 9551
3 5672 1132 3239
3 1501 9592 6358
3 335 4358 8036
3 7071 7847 4544
3 2841 6254 9035
3 6841 425 6055
3 739 3879 726
3 638 5182 318
3 8447 8578 6565
3 144 9336 3784
3 6152 2227 3498
3 5863 4482 5628
3 4363 5586 4659
3 3212 9094 2260
3 5164 540 9650
3 5008 8889 2632
3 9737 5725 6925
3 7314 6637 9086
3 4450 4979 8941
3 5731 5380 1172
3 8602 9882 6761
3 8201 4787 7149
3 8987 7045 128
3 3859 6494 2490
3 7237 2718 1031
3 9272 1837 101
3 2277 7534 1426
3 9793 5107 7971
3 4407 7828 4248
3 2074 1992 7931
3 1110 471 462
3 9859 5952 6919
3 477 1789 7858
3 5005 1909 6390
3 8210 4173 7274
3 9429 3665 3564
3 3347 673 9689
3 4650 1488 3491
3 8252 5262 4858
3 7065 482 4231
3 432 590 7699
3 2769 8321 8753
3 7686 7322 7407
3 1804 8879 4675
3 3407 1080 1250
3 5355 9709 7175
3 332 3570 3530
3 7642 7588 2653
3 7418 8393 2570
3 9600 6513 740
3 9055 6270 1908
3 8021 5041 8615
3 5227 7693 3719
3 1137 7640 7813
3 8618 6137 2184
3 8527 4669 6796
3 9759 4069 7849
3 4720 2127 372
3 1032 422 7666
3 2148 7557 801
3 1869 3509 7216
3 7267 3540 5492
3 5824 1335 6680
3 8412 2892 6420
3 3573 5308 3567
3 6983 2240 7695
3 3107 3932 4766
3 4478 5584 8539
3 1653 230 179
3 5512 8257 5399
3 6952 9105 5418
3 9564 9742 6323
3 8756 9201 7684
3 8376 1336 7386
3 9570 2563 719
3 9489 2635 7852
3 1194 7902 2527
3 3555 3885 7876
3 3283 8410 4434
3 8729 4375 9584
3 9963 6451 9070
3 6851 3454 6005
3 2463 6479 5018
3 1799 9524 3922
3 298 9701 605
3 901 2289 8966
3 31 1685 6414
3 6713 2529 2303
3 4894 947 7170
3 5902 7664 1199
3 8417 8643 9029
3 3880 7357 2560
3 9644 2987 7296
3 2518 9822 3442
3 6075 4741 2657
3 4000 2610 753
3 6720 3811 4217
3 9802 4599 2328
3 9222 9741 4777
3 7882 8778 3799
3 8420 4019 1661
3 3208 7924 3075
3 9699 1467 7219
3 5585 9323 7546
3 6868 8411 7315
3 8931 6053 2259
3 3654 8828 2059
3 2033 8876 9475
3 8456 4474 4410
3 4155 711 7800
3 9647 5029 3088
3 4116 8864 346
3 8202 926 937
3 4359 7662 1228
3 9289 4704 858
3 5745 7627 9172
3 6175 990 1891
3 6264 2333 7770
3 2881 6111 9036
3 4160 2612 1814
3 4558 2621 7995
3 241 7120 3821
3 6812 4425 2793
3 7761 1536 4811
3 923 3617 5954
3 3590 3636 7741
3 939 2671 4534
3 1279 7427 8064
3 5097 3985 3846
3 8044 8183 2578
3 5804 7962 6897
3 4038 9962 8775
3 8696 4352 5441
3 6452 6585 8981
3 8992 8166 5287
3 7920 8081 3496
3 1136 2070 8079
3 8682 5386 2169
3 3705 5471 8773
3 8144 5770 5800
3 3679 2022 4833
3 2002 8426 3939
3 3318 9013 457
3 6659 9868 3401
3 7724 1847 1627
3 5362 4611 2278
3 5809 6213 3389
3 5482 6809 8609
3 3518 6526 5573
3 7703 960 7310
3 2874 579 9488
3 1737 6312 4490
3 3226 6742 5881
3 7134 9985 2543
3 4465 4170 6110
3 1930 4662 5085
3 796 6380 5986
3 9549 1836 270
3 5700 9914 5070
3 9684 149 7406
3 6244 2661 8108
3 9414 6228 253
3 6638 2395 4863
3 5389 9744 5962
3 4175 4860 5406
3 894 2859 1781
3 7404 4211 5831
3 6265 16 3671
3 489 1286 20
3 348 5104 7559
3 3293 8833 9135
3 6472 3750 1774
3 9102 4247 9555
3 9820 4197 4632
3 2272 2725 203
3 9496 1827 62
3 2712 9545 5834
3 5860 7934 2875
3 4193 7709 9134
3 8003 1761 365
3 97 3716 5836
3 347 8599 238
3 8418 9091 3083
3 7694 5534 5019
3 9825 1494 3186
3 1553 8164 6064
3 414 8508 8731
3 392 6425 6195
3 7218 6097 3364
3 8570 9886 6234
3 9612 3015 8767
3 6260 1374 4440
3 4750 2242 9210
3 6231 4989 2198
3 8934 8576 2730
3 1154 5835 9965
3 3313 6544 5140
3 8224 361 1323
3 8263 643 7003
3 1382 8766 5472
3 7000 2051 7782
3 7194 4775 1260
3 3513 793 3789
3 6275 1407 4814
3 840 373 6630
3 4308 9009 3759
3 3233 6148 5577
3 5615 7815 930
3 4689 6466 3838
3 919 8336 2713
3 6392 2010 6686
3 9768 87 5378
3 4226 4613 7889
3 4565 5903 6266
3 1699 4694 8372
3 7204 8123 1787
3 1223 5051 2839
3 8086 6223 9927
3 325 2401 9830
3 8340 419 669
3 8133 7633 4246
3 4016 18 635
3 5132 5350 2047
3 6629 4855 6545
3 5854 2226 8956
3 2837 7674 5823
3 6857 1750 136
3 428 6289 1027
3 5907 8525 6961
3 7791 7564 2553
3 2772 1532 2781
3 8872 7991 7970
3 6671 1865 1801
3 3339 5550 8771
3 3017 6846 9230
3 5898 6160 6328
3 4055 7764 6944
3 2329 9413 3244
3 1200 8929 5118
3 6208 1122 9954
3 5508 4714 1206
3 6215 5610 7809
3 3334 9218 800
3 7721 1141 3875
3 9065 7839 6112
3 1546 9776 3596
3 2722 3965 9860
3 7089 4891 3399
3 4692 1381 3473
3 4107 4099 2873
3 3004 2191 7983
3 3643 4144 4376
3 5059 6258 693
3 6511 1208 3049
3 8523 691 4821
3 7547 280 9140
3 4567 2775 5980
3 8711 6370 5904
3 2645 7766 8228
3 8744 7561 4920
3 3595 2046 1212
3 6008 6541 7829
3 4747 6902 381
3 7700 1569 6220
3 4249 6396 1526
3 4097 7461 7878
3 9328 7445 336
3 7716 508 8546
3 4857 7439 8059
3 435 9148 6095
3 7972 3263 2072
3 4221 1120 8413
3 5190 7251 1404
3 1821 5446 9525
3 6580 1004 1010
3 404 4468 1276
3 842 8466 1476
3 8880 4954 9642
3 5134 2511 6022
3 5699 6304 7397
3 1393 4953 8673
3 2601 2057 9608
3 5483 2423 5206
3 6193 3362 6367
3 7725 1768 5461
3 4592 3983 198
3 938 2564 4646
3 4314 728 1227
3 7140 2485 7614
3 6782 6537 8851
3 120 3114 9128
3 2611 3925 1778
3 1344 4521 5175
3 9572 7252 5998
3 3917 5200 8383
3 1980 9490 4804
3 1866 956 1853
3 4792 5401 1023
3 9527 1671 9866
3 9855 7230 6093
3 9072 86 5771
3 6393 1583 2264
3 5199 2685 8875
3 8067 2399 3563
3 6428 2326 2402
3 7036 3493 157
3 8468 7758 8032
3 9903 5294 2039
3 7490 4666 3438
3 1256 648 1923
3 3029 8955 8950
3 3394 6559 5613
3 8304 2410 184
3 935 2579 7832
3 2824 2520 7795
3 8752 9137 502
3 741 5240 6822
3 8193 1015 2115
3 8256 4994 4220
3 356 5448 6650
3 3883 4595 2412
3 9299 4491 2297
3 6623 1231 9197
3 9746 3877 7961
3 949 6958 2660
3 8804 441 5895
3 9703 7951 9398
3 9346 4623 867
3 8486 6651 8139
3 8808 9603 8432
3 7460 8517 6450
3 4470 7247 5345
3 8629 405 6456
3 1720 6777 3830
3 9838 6711 7384
3 3749 3209 3308
3 8740 8954 6560
3 6398 6484 7628
3 4951 9196 6662
3 8089 9269 8632
3 8068 9338 2961
3 4703 703 2062
3 9931 533 7803
3 1870 4822 8816
3 1693 7268 1694
3 9810 5257 7565
3 4969 9043 3926
4 6329 7545 5945 995
4 3951 6800 8815 4284
4 9976 2337 9602 6577
4 3042 902 6873 8176
4 229 4456 4467 875
4 9227 5891 3167 2210
4 915 2533 849 9895
4 8908 7618 7475 4179
4 8683 8375 3295 1214
4 2367 5517 5522 8923
4 1388 4357 8247 2080
4 8821 7946 249 8277
4 2994 297 9168 6676
4 5941 3223 7629 204
4 3451 7136 7032 5046
4 8932 85 1564 5371
4 5236 1049 8670 6123
4 9124 8027 9305 3892
4 525 6698 3112 6415
4 2589 1081 1820 8585
4 9797 2368 8714 636
4 3457 3463 4600 3715
4 9121 8918 2495 8167
4 4147 7290 4848 4702
4 9096 3134 4871 6306
4 6842 1339 2728 6613
4 3795 774 6147 1561
4 1681 2870 6778 4011
4 6574 1149 8737 9209
4 6179 9356 200 1047
4 6492 3259 9941 8722
4 7936 2964 5020 2944
4 7515 4405 5873 5375
4 876 745 49 3135
4 2061 8407 7525 5563
4 4551 7978 6856 5758
4 6038 3857 1621 6733
4 4607 556 4400 3526
4 7870 6534 9179 6246
4 5370 3895 4649 4550
4 6605 7518 9637 210
4 1678 5705 2514 6146
4 7019 1625 6222 1993
4 5714 1192 9114 1884
4 2723 63 9779 6567
4 3153 675 2207 289
4 9016 6595 195 4678
4 1284 1118 7665 2129
4 7881 8733 2089 4572
4 9968 7522 2652 6864
4 2243 1742 4100 9751
4 8250 1812 6107 7444
4 11 6170 8197 3845
4 117 7917 9326 844
4 7057 6184 3870 9559
4 1965 7135 5207 4960
4 767 8991 6823 8579
4 7496 2694 9871 6058
4 2222 4044 3155 4361
4 7371 9294 9633 9221
4 1765 2572 1591 4074
4 5494 4233 3745 5251
4 6770 3022 1590 3174
4 5511 9556 9885 6739
4 7249 150 982 6256
4 5047 9274 7736 6130
4 8431 8056 6384 9542
4 4301 8134 2762 7463
4 371 1740 4043 9246
4 2162 9921 2123 4696
4 7286 1318 3651 7361
4 9870 2418 8309 5776
4 6648 2732 8326 8487
4 7220 7825 778 8148
4 1972 2234 9538 2152
4 2802 1620 55 5579
4 4717 211 7130 6583
4 9605 362 1717 7196
4 8363 5649 4990 500
4 1684 1427 2575 3558
4 8115 8501 9106 5366
4 8835 384 1673 727
4 8736 750 1450 8384
4 8047 9511 3508 1383
4 5529 9887 3945 6366
4 8990 1001 171 2456
4 5752 3357 6178 96
4 3330 393 4940 3011
4 7510 147 4942 6784
4 1554 9251 4622 8455
4 1713 5652 1174 6611
4 2271 4758 1898 6766
4 7898 2296 9464 1453
4 4875 4902 3001 3323
4 5416 8614 5713 1378
4 4736 451 2954 1718
4 1475 3443 33 5947
4 2481 4259 6640 6300
4 9585 6495 6558 2375
4 6015 5633 4637 3053
4 9214 8314 6387 2879
4 2407 4381 6363 9732
4 2565 9181 6356 3547
4 7516 9014 8437 3437
4 7751 2702 153 5253
4 5793 8187 896 444
4 464 8811 5948 2600
4 3125 883 6480 8011
4 5237 7692 9165 2877
4 5989 9906 5090 1253
4 9421 287 5697 5598
4 3704 1726 4549 4958
4 2786 1650 6350 5173
4 9354 5383 3632 3686
4 7229 5410 9473 4254
4 1146 9131 1712 8119
4 8701 1714 5487 3718
4 1955 4390 5918 8320
4 1487 3728 9695 9366
4 4187 358 5959 3370
4 139 3021 1159 1994
4 8633 6127 7592 7778
4 2166 2215 2585 4773
4 7603 5156 3869 3773
4 2949 5882 1888 6705
4 1040 3422 2819 4150
4 47 8101 3765 2203
4 8452 8641 4240 8754
4 912 3299 8355 4202
4 1701 7966 2573 8470
4 6050 706 4671 5864
4 6656 208 6307 2484
4 7388 9606 5391 5203
4 5686 7824 3214 9514
4 3899 554 2193 5728
4 9340 2282 8465 1160
4 936 2267 110 5886
4 4442 6309 7359 7413
4 7862 201 2968 3531
4 1359 2141 9730 4036
4 5808 7990 6956 7521
4 5316 6051 7391 9122
4 2295 6104 9111 9425
4 589 6522 5815 2457
4 2120 4716 17 5869
4 8607 2726 2228 7494
4 8978 4713 5635 9692
4 6042 4318 8591 8785
4 9220 2516 3356 3818
4 9483 998 3475 5214
4 4826 6121 8409 3674
4 9365 1568 7344 2584
4 2905 3913 45 6102
4 9213 8040 2008 9247
4 1203 4711 6628 7008
4 8161 4090 7118 3672
4 1116 396 1036 168
4 1321 2927 6721 7659
4 3261 4767 6090 8642
4 4847 836 5081 9691
4 6133 6 5178 834
4 5939 2254 516 1571
4 480 142 5058 5553
4 5513 1522 2459 7255
4 9407 431 9771 9957
4 7579 2982 59 820
4 1822 7454 7499 1090
4 8601 9390 4222 7013
4 1311 8423 2848 6528
4 887 4997 7313 8873
4 7512 5074 9935 2912
4 1636 1948 9063 9275
4 7148 8967 7415 1396
4 1288 1504 293 618
4 4461 349 6150 1897
4 5255 9276 9722 8238
4 9344 1523 5427 9778
4 7648 1988 6377 6769
4 3822 9920 8440 1377
4 1491 3692 8215 2437
4 1810 2305 6188 1009
4 7501 5077 3894 2715
4 1369 8200 4291 2016
4 305 2425 8328 9092
4 456 529 7859 8654
4 8644 370 4406 446
4 534 3337 1883 2274
4 1056 8789 8571 4495
4 2571 4884 8895 3791
4 8241 9173 6263 9526
4 9849 4808 3106 978
4 9443 7677 7259 2907
4 7863 4167 1429 2085
4 2951 734 1932 6700
4 8264 4026 2697 5239
4 3471 7117 8732 9361
4 9862 6259 6669 6478
4 6229 4185 5653 8478
4 2094 8697 4475 8509
4 6311 4506 3681 8640
4 1445 4605 5666 8677
4 9543 7672 9659 511
4 5083 992 6938 6313
4 219 3790 9679 4656
4 1270 8333 5171 9523
4 2924 5205 4415 4918
4 6332 9785 7010 5676
4 3629 8094 7710 1756
4 1747 9252 723 5209
4 7375 1763 3480 1484
4 2309 6852 9784 8964
4 7206 1508 4307 6352
4 5710 4516 628 6727
4 9761 1261 1538 4320
4 103 3697 5149 4480
4 9183 7395 4557 4788
4 2619 4511 3505 9271
4 9499 6984 8449 678
4 8316 8045 5245 1259
4 5627 3428 8004 8692
4 2400 3747 6155 9047
4 9660 7675 5387 6497
4 8287 5570 3781 9614
4 44 7326 6426 9019
4 6419 6824 6985 1975
4 4422 7639 7921 7419
4 403 1735 6540 8810
4 7212 1085 2828 3730
4 2686 4925 6243 3748
4 7409 1197 864 4957
4 2232 58 7041 8442
4 3775 2957 9858 4112
4 5651 3519 1934 2544
4 8859 2288 7092 227
4 197 8694 3893 7856
4 292 2990 5017 8325
4 7814 5295 1556 8837
4 3499 7551 5231 1210
4 4156 1946 7617 9864
4 2294 8715 2953 7471
4 94 3940 7785 5035
4 2795 8915 32 676
4 5756 7943 1430 7215
4 6731 2343 7436 487
4 2674 8548 1892 4946
4 1819 4959 7729 7400
4 4509 5526 4579 6756
4 7945 9256 7168 9568
4 6168 7792 3842 6668
4 188 642 3089 132
4 608 909 2765 737
4 6735 9529 2212 5913
4 8898 1606 6988 3561
4 9418 2173 729 8663
4 1743 9818 1340 1512
4 6233 7349 1868 1220
4 5566 4504 3944 3124
4 1704 499 8143 5336
4 5400 7509 5644 9597
4 8058 2134 2687 4449
4 1562 5544 1400 6994
4 3228 7316 5791 1861
4 2353 9599 3905 3129
4 1807 1535 1668 6981
4 3844 8253 3142 9561
4 4856 2060 2124 3516
4 717 2920 9154 7715
4 9083 7594 7302 8684
4 6839 5310 9576 9265
4 6149 877 1372 1542
4 2649 4419 2554 1886
4 854 8636 3557 8332
4 3272 9747 4670 2861
4 8779 385 3376 5006
4 6490 6076 644 9961
4 10 1418 5733 281
4 8267 5991 1433 4452
4 3271 3474 6531 6747
4 9996 2898 3927 4904
4 9813 7529 5163 6171
4 4546 1648 5720 9624
4 2323 1233 1224 6016
4 4131 9 1492 9151
4 3585 1243 6682 2464
4 3583 2798 152 3037
4 2098 9406 5889 4143
4 3904 9550 3024 4041
4 3656 8612 7064 3273
4 7880 1464 9507 3121
4 6196 684 7704 7577
4 2389 6927 4238 5732
4 1755 6725 4089 1688
4 973 4322 4137 962
4 9546 2937 7166 1570
4 2809 7543 3648 839
4 2941 6655 6738 7108
4 7896 4861 8186 9988
4 9799 2461 2814 6205
4 9368 221 7116 6294
4 4636 1584 4498 9748
4 7430 321 6359 5330
4 1271 9752 8031 9631
4 8138 8814 8777 752
4 2095 604 4706 8189
4 4292 725 7362 4771
4 8997 245 3412 6471
4 8397 4582 1922 5845
4 461 6476 5592 2331
4 3827 9015 1796 22
4 164 3543 1587 131
4 6673 6132 9502 8759
4 1094 5920 4286 6578
4 4355 6273 1282 9350
4 3582 7567 8940 2055
4 8293 6068 8563 6340
4 2766 8652 7090 5899
4 1062 4228 4823 1371
4 9629 6446 4783 3578
4 8842 401 3262 1703
4 7804 2241 7425 3278
4 3332 430 889 8996
4 5419 8770 437 40
4 8874 5056 3618 7759
4 4596 6890 1978 5341
4 2112 1021 3889 3593
4 7740 137 2165 7819
4 1839 3655 1234 6012
4 2705 8849 9295 3149
4 1609 3306 3973 6553
4 3984 7812 4188 7788
4 2091 1996 1877 6436
4 8671 1202 2043 4661
4 4351 9987 8026 7956
4 8435 1840 236 9458
4 791 8823 6794 4076
4 7464 9419 4559 7238
4 8043 9022 9806 2776
4 5944 9337 9376 6557
4 2804 8746 1114 5101
4 3708 3379 8286 1895
4 522 9583 7841 8204
4 3793 9734 2159 7663
4 2862 9853 4655 7911
4 1549 8702 3792 3544
4 8235 7085 5157 1716
4 9828 9261 6432 4890
4 3834 8152 9263 6240
4 6746 8222 3297 5979
4 8037 9844 1983 2102
4 4469 3188 4244 7895
4 4892 4883 6365 9716
4 8822 4079 3902 9320
4 1406 7922 6381 7104
4 9539 2811 5839 3802
4 7632 4619 3137 5657
4 708 4387 2007 5558
4 473 9907 3 6364
4 7613 1552 1249 8650
4 9852 9250 6157 3105
4 7727 6685 8028 3344
4 6404 7569 847 859
4 7079 3942 1711 8750
4 6351 7121 5467 6203
4 9773 5850 4312 5829
4 5086 4688 6316 1181
4 8438 6046 5191 1409
4 2081 4502 4796 2472
4 8348 4331 8198 2398
4 512 2422 4898 278
4 3104 28 5106 709
4 7105 4786 1918 7176
4 3052 5098 76 8061
4 9888 1351 4574 2345
4 9908 3246 2628 1963
4 802 8199 2467 7480
4 7950 683 3987 1845
4 8150 7514 6357 5094
4 1524 443 2952 3087
4 1287 1423 8689 4151
4 7777 4992 666 7671
4 1889 8240 177 8608
4 5540 3126 4731 5061
4 6962 3689 3906 7451
4 413 4865 4091 5278
4 4402 7308 4561 1357
4 654 6920 7305 4964
4 3120 7500 1341 2064
4 3828 6547 1248 593
4 214 7733 151 9143
4 1529 4066 3216 4708
4 8485 2759 4886 3678
4 2817 6192 2872 8132
4 2751 6942 1422 850
4 9984 9532 2566 4496
4 6582 6206 7953 2245
4 7954 5443 7821 313
4 4977 7150 9711 8907
4 3559 559 290 8919
4 6677 7540 4917 4916
4 333 530 3517 6976
4 8865 6389 7647 9182
4 1817 2137 9456 9123
4 1505 3608 4064 296
4 7387 8346 9235 9580
4 2351 7489 7757 9942
4 5559 7580 9693 5067
4 848 7330 145 5457
4 6960 4690 4723 2627
4 6645 5211 3302 3607
4 7756 7368 2707 3736
4 7374 5741 8986 2358
4 7636 2783 5128 2190
4 9383 5042 9922 3096
4 2545 714 1767 5219
4 4106 467 931 9397
4 4887 7209 9896 3352
4 2985 7 7369 8854
4 4058 8861 7318 7155
4 2716 1640 2480 5198
4 6914 5763 924 9078
4 7939 5602 8479 4870
4 1961 2806 9431 8866
4 9588 174 2000 3511
4 9566 884 1152 328
4 4907 1205 2836 5244
4 2598 846 6296 9325
4 9004 9618 1734 7834
4 7069 3449 2956 7742
4 5803 4524 9675 1649
4 7726 1642 1178 6849
4 674 8168 1050 463
4 4194 7610 3769 7532
4 6144 4141 6060 3367
4 4215 730 514 6280
4 8707 3145 1071 634
4 8137 7583 1115 7202
4 7262 5796 4961 9552
4 8947 9856 5773 8529
4 6870 4725 4054 2432
4 5794 5212 7210 7696
4 1138 4297 782 8957
4 8524 9952 4995 898
4 773 6052 7412 9946
4 6036 3980 9459 5849
4 1521 1196 2442 7992
4 7768 8454 1936 5028
4 825 4663 1595 968
4 7320 7622 3127 9974
4 4477 6726 9948 7447
4 7678 562 3371 7643
4 9986 8803 5909 9690
4 7100 263 5982 3882
4 766 7937 7851 5665
4 4874 2558 2752 8603
4 1732 2741 9635 6827
4 756 5488 916 6989
4 5515 3896 2749 6965
4 4996 6002 9843 7805
4 9795 4644 5359 5616
4 6617 7586 6516 8073
4 6514 7530 5856 3664
4 954 8367 2096 4635
4 4790 160 1632 8477
4 860 9958 7616 4518
4 2237 8543 3265 1043
4 7278 6724 3930 1037
4 1830 532 4293 8506
4 7153 4367 4912 1998
4 2427 5208 4208 7078
4 3626 2117 453 6459
4 2213 9620 3746 8616
4 5172 8163 7542 3840
4 3966 57 7526 8886
4 1361 7673 4139 3047
4 8297 2364 8322 2592
4 2340 2045 8172 4975
4 2342 8338 2475 1707
4 9873 3420 9894 3891
4 2125 7993 6702 9450
4 9519 172 8653 4837
4 1589 3253 6703 4604
4 3691 6681 154 4640
4 3677 3841 5631 6915
4 56 6226 6477 6666
4 8063 8745 2932 4631
4 4430 3248 283 6616
4 3849 3235 4571 3817
4 7298 8177 5663 6473
4 9048 2999 7103 264
4 9713 6932 257 5174
4 2634 835 4298 6180
4 2185 7875 5250 4555
4 8022 91 193 5131
4 4617 5751 3257 4926
4 4527 2642 8206 5277
4 6010 9215 4727 6443
4 8116 5136 53 9471
4 4933 780 1347 6818
4 9880 37 5551 900
4 9966 6602 1677 2023
4 3853 5896 301 3542
4 4386 594 7923 8639
4 6563 7753 3132 3579
4 5332 1601 4057 4104
4 1161 6331 9038 402
4 1951 2469 8153 3806
4 5901 622 1669 9718
4 7944 1510 818 7201
4 6003 6078 958 8758
4 6232 4789 3092 9286
4 4983 2736 1385 2548
4 1825 6176 7981 7363
4 5729 597 421 6481
4 4200 9995 9192 133
4 5625 5503 8751 7088
4 513 1507 8430 71
4 6571 4135 7927 2036
4 5916 7050 6248 2246
4 2506 5931 7466 5547
4 5001 2155 9765 1096
4 5462 760 8284 1353
4 9062 9595 3724 2462
4 60 2962 2854 2647
4 1912 804 7101 5233
4 2293 24 8667 5832
4 948 9267 1729 4102
4 5197 3914 9613 6463
4 8342 2727 1440 7253
4 6315 5548 6444 433
4 9433 5622 2555 5744
4 2489 5357 8392 4004
4 5363 3176 6935 5235
4 953 8606 7385 2164
4 9341 9530 9594 9468
4 9486 2381 6421 6034
4 6922 2608 1012 689
4 7888 7346 1129 5908
4 8721 7818 7382 688
4 3276 5785 7877 6467
4 1164 7443 6913 2935
4 8626 9359 4922 3808
4 1142 5373 2929 2903
4 5121 1140 6584 7823
4 3375 1117 6017 4344
4 7861 970 9453 9382
4 213 67 3072 7596
4 9649 3950 6342 8242
4 307 6882 7236 7884
4 1754 8353 3810 5950
4 4695 8453 5155 520
4 738 4230 9283 9944
4 7026 4235 2221 3912
4 6697 5917 2444 8519
4 9166 1856 9714 4161
4 4335 6550 4638 6035
4 9363 3647 9119 8434
4 7683 7119 611 1953
4 2009 7095 8259 6297
4 4473 3566 3368 6715
4 3309 8659 6252 65
4 1851 586 9900 5324
4 4399 6569 4439 7960
4 5702 6087 5671 355
4 8651 9755 7208 1800
4 4657 3824 4052 83
4 6118 124 3941 3381
4 5181 3445 3424 8568
4 3484 7250 2536 5271
4 2196 5772 1874 3978
4 5044 6757 218 1943
4 5325 4176 2672 6373
4 5007 7178 8625 7748
4 8010 797 5170 565
4 7524 4522 7734 3229
4 7796 3825 7198 7432
4 1483 5600 9374 3062
4 8553 2922 976 3170
4 9528 2843 8824 6498
4 9302 6632 4134 7595
4 5422 9769 206 5449
4 9028 2160 5556 8839
4 398 7083 1013 1364
4 3161 4801 9081 5346
4 5052 6639 5905 4965
4 3028 2308 4374 6129
